DepSM	T090C	Sal00	Sigma-t00	FlSP	WetStar	SeaTurbMtr	SvCM	Sbeox0PS	Sbeox0Mg/L	TimeJ	Sbeox0ML/L	PrDM
0	2,3177	18,4231	14,7042	6,21E-01	0,1263	0,015	1437,87	73,247	8,8544	70,702357	6,1958	0
1	2,3415	18,5072	14,7705	6,01E-01	0,1263	0,015	1438,11	74,371	8,9796	70,702448	6,2834	1,01
2	2,7202	20,1723	16,0822	6,47E-01	0,1267	0,015	1441,99	74,153	8,7662	70,702469	6,1341	2,019
3	3,0099	22,1743	17,6606	4,53E-01	0,1267	0,015	1445,88	74,456	8,6196	70,70249	6,0315	3,028
4	3,6693	26,7872	21,2859	4,16E-01	0,1264	0,015	1454,72	75,094	8,2862	70,702511	5,7982	4,038
5	3,6558	27,1659	21,5884	3,64E-01	0,1262	0,014	1455,17	75,364	8,2971	70,702532	5,8058	5,048
6	3,6023	27,6266	21,9589	3,40E-01	0,1263	0,015	1455,55	75,998	8,3519	70,702553	5,8441	6,057
7	3,5763	28,0068	22,2633	3,35E-01	0,1265	0,016	1455,94	75,545	8,286	70,702574	5,7981	7,066
8	3,6244	28,4172	22,5857	3,64E-01	0,1267	0,015	1456,69	74,719	8,1629	70,702595	5,7119	8,076
9	3,7892	28,8173	22,8899	4,88E-01	0,1266	0,015	1457,93	74,222	8,0539	70,702616	5,6357	9,086
10	3,8235	29,2188	23,206	4,07E-01	0,1267	0,015	1458,61	74,041	8,0056	70,702636	5,6019	10,095
11	4,0092	29,4564	23,3783	6,57E-01	0,1266	0,015	1459,71	74,221	7,9759	70,702657	5,5811	11,105
12	4,158	29,597	23,4765	6,87E-01	0,1268	0,016	1460,54	74,104	7,9268	70,702678	5,5467	12,114
13	4,2511	29,8304	23,6531	6,60E-01	0,1269	0,017	1461,25	74,438	7,932	70,702699	5,5503	13,124
14	4,3399	30,0519	23,8205	6,46E-01	0,127	0,018	1461,92	74,685	7,9292	70,702721	5,5484	14,133
15	4,3457	30,1125	23,868	5,92E-01	0,1268	0,056	1462,04	74,873	7,9448	70,702741	5,5593	15,143
16	4,3739	30,1921	23,9285	5,71E-01	0,1269	0,06	1462,27	74,877	7,9355	70,702762	5,5528	16,152
17	4,3917	30,3335	24,0389	5,86E-01	0,127	0,06	1462,55	74,753	7,9114	70,702784	5,5359	17,162
18	4,4139	30,4605	24,1375	4,60E-01	0,1268	0,064	1462,82	74,733	7,8983	70,702805	5,5267	18,172
19	4,3782	30,6362	24,2805	4,16E-01	0,127	0,066	1462,91	74,872	7,9104	70,702826	5,5352	19,181
20	4,2653	30,7716	24,3989	3,68E-01	0,127	0,064	1462,63	74,636	7,9	70,702848	5,528	20,191
21	4,3717	30,9569	24,5356	3,67E-01	0,127	0,061	1463,33	74,423	7,8474	70,702869	5,4912	21,2
22	4,4812	31,1515	24,6791	4,24E-01	0,127	0,057	1464,05	74,078	7,78	70,70289	5,444	22,21
23	4,499	31,372	24,8523	3,20E-01	0,1271	0,051	1464,42	74,101	7,7676	70,702912	5,4353	23,22
24	4,4995	31,5678	25,0075	2,99E-01	0,1273	0,049	1464,69	74,159	7,7633	70,702934	5,4323	24,229
25	4,5256	31,6838	25,0969	2,51E-01	0,1271	0,049	1464,96	73,842	7,7193	70,702956	5,4015	25,239
26	4,5349	31,8551	25,2319	2,42E-01	0,127	0,049	1465,24	73,529	7,676	70,702978	5,3712	26,248
27	4,6092	31,9552	25,3036	2,45E-01	0,1271	0,048	1465,69	73,083	7,6106	70,702999	5,3255	27,258
28	4,6554	32,0844	25,4013	2,26E-01	0,1272	0,048	1466,06	72,663	7,552	70,703022	5,2844	28,268
29	4,7189	32,2358	25,5146	2,33E-01	0,1271	0,048	1466,53	72,497	7,5155	70,703044	5,2589	29,277
30	4,7794	32,35	25,5988	2,39E-01	0,1271	0,047	1466,94	72,482	7,4974	70,703065	5,2462	30,287
31	4,8265	32,4206	25,6496	2,45E-01	0,1271	0,047	1467,24	72,264	7,4628	70,703086	5,222	31,297
32	4,8623	32,5015	25,7099	2,21E-01	0,1272	0,047	1467,51	72,121	7,4376	70,703106	5,2044	32,306
33	4,9076	32,5704	25,7596	2,14E-01	0,1272	0,048	1467,8	72,147	7,4288	70,703126	5,1982	33,316
34	4,9862	32,6917	25,847	2,08E-01	0,1271	0,048	1468,29	72,165	7,4107	70,703147	5,1856	34,325
35	5,0525	32,776	25,9065	2,03E-01	0,1271	0,051	1468,69	71,835	7,361	70,703168	5,1508	35,335
36	5,0951	32,8216	25,9378	2,04E-01	0,127	0,053	1468,94	71,471	7,314	70,703188	5,1179	36,345
37	5,1239	32,8667	25,9704	2,00E-01	0,1272	0,057	1469,13	71,138	7,2728	70,703208	5,0891	37,354
38	5,1611	32,9188	26,0074	2,13E-01	0,1271	0,059	1469,36	70,83	7,2324	70,703228	5,0608	38,364
39	5,1896	32,9465	26,0261	2,24E-01	0,1272	0,061	1469,53	70,653	7,2081	70,703248	5,0438	39,374
40	5,2121	32,9664	26,0393	2,02E-01	0,1271	0,062	1469,67	70,687	7,2067	70,703267	5,0429	40,383
41	5,2753	33,028	26,0808	2,05E-01	0,1272	0,076	1470,02	70,803	7,2047	70,703286	5,0414	41,393
42	5,3351	33,1296	26,1544	1,98E-01	0,1272	0,083	1470,4	70,854	7,1948	70,703307	5,0345	42,403
43	5,3739	33,1667	26,1792	1,97E-01	0,1272	0,084	1470,63	70,759	7,1769	70,703328	5,022	43,412
44	5,3826	33,1753	26,185	1,92E-01	0,1272	0,084	1470,69	70,717	7,1707	70,703346	5,0176	44,422
45	5,4894	33,2731	26,2499	1,90E-01	0,1272	0,084	1471,26	70,455	7,1215	70,703367	4,9832	45,432
46	5,5069	33,2899	26,2612	1,86E-01	0,1271	0,085	1471,37	70,332	7,1053	70,703388	4,9719	46,442
47	5,5069	33,294	26,2644	1,83E-01	0,1272	0,086	1471,39	70,261	7,0978	70,703406	4,9666	47,451
48	5,5139	33,3093	26,2757	1,88E-01	0,1272	0,086	1471,45	69,938	7,0634	70,703425	4,9425	48,461
49	5,6079	33,3766	26,3177	1,83E-01	0,1272	0,088	1471,93	69,832	7,0339	70,703447	4,9219	49,471
50	5,7251	33,4693	26,3769	1,79E-01	0,1272	0,088	1472,54	70,017	7,0287	70,703465	4,9183	50,481
51	5,7841	33,5105	26,4023	1,80E-01	0,1272	0,09	1472,84	70,214	7,0369	70,703485	4,924	51,49
52	5,8256	33,5352	26,4167	1,80E-01	0,1272	0,092	1473,06	69,901	6,9975	70,703506	4,8965	52,5
53	5,8807	33,5637	26,4325	1,72E-01	0,1272	0,092	1473,33	69,548	6,9519	70,703525	4,8645	53,51
54	5,9764	33,6096	26,4569	1,73E-01	0,1272	0,092	1473,79	69,292	6,9086	70,703543	4,8343	54,519
55	6,0143	33,6303	26,4686	1,66E-01	0,1273	0,092	1473,98	69,144	6,8869	70,703565	4,819	55,529
56	6,0885	33,6785	26,4973	1,62E-01	0,1273	0,092	1474,35	68,694	6,828	70,703584	4,7778	56,539
57	6,1637	33,7318	26,5299	1,65E-01	0,1273	0,092	1474,73	68,079	6,7526	70,703602	4,7251	57,549
58	6,2027	33,7597	26,547	1,64E-01	0,1272	0,091	1474,94	67,911	6,7286	70,703624	4,7083	58,559
59	6,2593	33,7946	26,5673	1,66E-01	0,1273	0,09	1475,22	67,705	6,6978	70,703644	4,6867	59,568
60	6,287	33,8097	26,5757	1,62E-01	0,1273	0,089	1475,37	67,68	6,6903	70,703661	4,6815	60,578
61	6,3055	33,8274	26,5873	1,64E-01	0,1272	0,088	1475,48	67,694	6,688	70,703682	4,6799	61,588
62	6,4402	33,9116	26,6362	1,64E-01	0,1273	0,087	1476,13	67,406	6,6351	70,703703	4,6429	62,598
63	6,4906	33,9409	26,6527	1,63E-01	0,1273	0,085	1476,39	67,495	6,6349	70,70372	4,6427	63,607
64	6,55	33,977	26,6734	1,68E-01	0,1273	0,084	1476,68	67,622	6,6366	70,70374	4,6439	64,617
65	6,66	34,0495	26,716	1,62E-01	0,1274	0,084	1477,22	67,154	6,5708	70,703762	4,5979	65,627
66	6,7103	34,0784	26,732	1,62E-01	0,1274	0,084	1477,47	67,007	6,5476	70,703779	4,5816	66,637
67	6,7263	34,0917	26,7404	1,63E-01	0,1273	0,084	1477,57	66,889	6,5331	70,703798	4,5715	67,647
68	6,7596	34,1154	26,7546	1,62E-01	0,1273	0,084	1477,74	66,49	6,4881	70,703821	4,54	68,656
69	6,8317	34,1616	26,7813	1,59E-01	0,1274	0,084	1478,1	66,301	6,457	70,703838	4,5182	69,666
70	6,894	34,1993	26,8026	1,57E-01	0,1273	0,084	1478,4	66,3	6,446	70,703856	4,5105	70,676
71	6,9547	34,2373	26,8241	1,58E-01	0,1273	0,084	1478,7	66,206	6,4264	70,703878	4,4968	71,686
72	6,9961	34,2663	26,8413	1,53E-01	0,1273	0,084	1478,92	66,066	6,4054	70,703897	4,4822	72,696
73	7,0087	34,2762	26,8474	1,61E-01	0,1274	0,084	1479	65,969	6,3937	70,703915	4,474	73,706
74	7,0161	34,2822	26,8511	1,57E-01	0,1273	0,084	1479,05	65,671	6,3635	70,703936	4,4528	74,715
75	7,0236	34,2979	26,8624	1,52E-01	0,1273	0,084	1479,11	65,569	6,3519	70,703957	4,4447	75,725
76	7,0372	34,3177	26,8761	1,54E-01	0,1274	0,084	1479,21	65,538	6,3461	70,703975	4,4406	76,735
77	7,0455	34,3257	26,8813	1,57E-01	0,1274	0,084	1479,27	65,58	6,3486	70,703995	4,4424	77,745
78	7,0648	34,345	26,8939	1,80E-01	0,1273	0,084	1479,38	65,444	6,3319	70,704015	4,4307	78,755
79	7,0722	34,3509	26,8975	1,51E-01	0,1274	0,084	1479,43	65,446	6,3308	70,704031	4,4299	79,765
80	7,1037	34,384	26,9191	1,50E-01	0,1273	0,084	1479,61	65,524	6,3324	70,704049	4,431	80,775
81	7,1212	34,4066	26,9345	1,52E-01	0,1274	0,084	1479,73	65,388	6,3158	70,70407	4,4194	81,785
82	7,1339	34,4172	26,9411	1,50E-01	0,1274	0,084	1479,8	65,267	6,3018	70,704092	4,4096	82,794
83	7,1466	34,4269	26,947	1,51E-01	0,1274	0,084	1479,88	65,108	6,2842	70,704113	4,3973	83,804
84	7,1466	34,4384	26,956	1,51E-01	0,1274	0,084	1479,91	65,181	6,2908	70,704136	4,4019	84,814
85	7,1434	34,4479	26,964	1,49E-01	0,1274	0,084	1479,93	65,084	6,2815	70,704157	4,3954	85,824
86	7,1408	34,4513	26,9669	1,52E-01	0,1273	0,084	1479,94	65,015	6,275	70,704177	4,3909	86,834
87	7,1392	34,4526	26,9682	1,50E-01	0,1274	0,084	1479,95	65,041	6,2777	70,704199	4,3928	87,844
88	7,1337	34,4562	26,9718	1,50E-01	0,1273	0,084	1479,95	64,916	6,2663	70,704221	4,3848	88,854
89	7,1317	34,4581	26,9736	1,51E-01	0,1274	0,084	1479,96	64,865	6,2616	70,704241	4,3815	89,864
90	7,1302	34,4598	26,9751	1,53E-01	0,1274	0,085	1479,98	64,878	6,263	70,70432	4,3825	90,874
91	7,1287	34,4629	26,9778	1,50E-01	0,1275	0,086	1479,99	64,825	6,258	70,704455	4,379	91,884
92	7,1287	34,4639	26,9786	1,50E-01	0,1274	0,087	1480,01	64,861	6,2614	70,70447	4,3814	92,894
93	7,1284	34,4648	26,9793	1,48E-01	0,1275	0,087	1480,02	64,847	6,2601	70,704492	4,3804	93,904
94	7,1274	34,466	26,9804	1,50E-01	0,1274	0,087	1480,04	64,82	6,2575	70,704523	4,3786	94,914
95	7,1261	34,4655	26,9802	1,72E-01	0,1271	0,09	1480,06	64,862	6,2619	70,704598	4,3816	95,925
