DepSM	T090C	Sal00	Sigma-t00	FlSP	WetStar	SeaTurbMtr	SvCM	Sbeox0PS	Sbeox0Mg/L	TimeJ	Sbeox0ML/L	PrDM
1,000	3,9652	27,1047	21,5148	6,7054e-01	0,1251	0,013	1456,35	39,958	4,3672	70,610754	3,0559	1,009
2,000	3,9611	27,1508	21,5518	7,4821e-01	0,1255	0,015	1456,40	57,128	6,2428	70,610857	4,3683	2,019
3,000	3,9204	27,1591	21,5618	1,0022e+00	0,1258	0,015	1456,26	70,724	7,7357	70,610885	5,4130	3,028
4,000	3,9307	27,1733	21,5721	8,9766e-01	0,1255	0,015	1456,34	73,953	8,0860	70,610928	5,6581	4,038
5,000	4,0667	27,4839	21,8073	1,0940e+00	0,1257	0,015	1457,33	74,158	8,0644	70,610957	5,6430	5,047
6,000	4,1266	27,9435	22,1669	1,3057e+00	0,1255	0,015	1458,19	74,265	8,0392	70,611003	5,6254	6,057
7,000	4,0568	28,0308	22,2423	1,1494e+00	0,1256	0,015	1458,02	74,281	8,0500	70,611028	5,6329	7,066
8,000	4,1515	28,4319	22,5522	1,0532e+00	0,1256	0,015	1458,95	74,325	8,0145	70,611069	5,6081	8,076
9,000	4,4807	29,5170	23,3825	1,2394e+00	0,1258	0,015	1461,74	74,933	7,9570	70,611098	5,5678	9,086
10,000	4,4467	29,7953	23,6067	1,0848e+00	0,1259	0,015	1461,97	76,452	8,1097	70,611136	5,6747	10,095
11,000	4,4633	30,0025	23,7694	1,1211e+00	0,1259	0,027	1462,32	75,963	8,0434	70,611169	5,6283	11,105
12,000	4,4618	30,1743	23,9059	9,4742e-01	0,1260	0,044	1462,55	76,374	8,0778	70,611205	5,6524	12,114
13,000	4,4490	30,3183	24,0213	1,0795e+00	0,1258	0,041	1462,70	76,059	8,0393	70,611240	5,6254	13,124
14,000	4,4842	30,3782	24,0654	1,0942e+00	0,1255	0,040	1462,94	75,922	8,0147	70,611274	5,6082	14,133
15,000	4,5052	30,4041	24,0839	1,2266e+00	0,1259	0,043	1463,08	75,650	7,9806	70,611314	5,5843	15,143
16,000	4,5271	30,4367	24,1076	1,4239e+00	0,1259	0,045	1463,23	75,692	7,9790	70,611347	5,5832	16,152
17,000	4,6271	30,6593	24,2741	1,3435e+00	0,1259	0,055	1463,94	75,819	7,9611	70,611386	5,5707	17,162
18,000	4,6129	30,7458	24,3441	1,5042e+00	0,1261	0,072	1464,01	75,790	7,9562	70,611419	5,5673	18,172
19,000	4,6517	30,8542	24,4262	9,8516e-01	0,1261	0,078	1464,33	75,432	7,9055	70,611458	5,5318	19,181
20,000	4,6377	31,0688	24,5977	9,1358e-01	0,1262	0,087	1464,56	75,418	7,8953	70,611495	5,5246	20,191
21,000	4,6177	31,1893	24,6953	1,1237e+00	0,1262	0,087	1464,65	75,312	7,8816	70,611530	5,5151	21,200
22,000	4,6489	31,3194	24,7952	7,9065e-01	0,1261	0,088	1464,96	75,313	7,8689	70,611562	5,5062	22,210
23,000	4,7645	31,6512	25,0463	5,6621e-01	0,1262	0,096	1465,88	75,354	7,8338	70,611591	5,4817	23,220
24,000	4,7988	31,7554	25,1253	6,7659e-01	0,1263	0,103	1466,17	75,449	7,8318	70,611610	5,4802	24,229
25,000	4,8327	31,8250	25,1769	6,1250e-01	0,1262	0,109	1466,41	75,491	7,8261	70,611642	5,4762	25,239
26,000	4,8495	31,8624	25,2047	5,0864e-01	0,1264	0,098	1466,55	75,354	7,8068	70,611657	5,4628	26,248
27,000	4,8751	31,9720	25,2888	1,1844e+00	0,1262	0,106	1466,81	75,414	7,8025	70,611677	5,4598	27,258
28,000	4,8931	32,0607	25,3572	5,2215e-01	0,1262	0,111	1467,01	75,328	7,7856	70,611709	5,4479	28,268
29,000	4,9189	32,1697	25,4408	5,7941e-01	0,1262	0,110	1467,27	75,270	7,7692	70,611723	5,4364	29,277
30,000	4,9626	32,3496	25,5786	6,6815e-01	0,1262	0,110	1467,70	75,286	7,7534	70,611740	5,4253	30,287
31,000	4,9677	32,6199	25,7922	5,6116e-01	0,1263	0,113	1468,08	75,429	7,7530	70,611772	5,4251	31,296
32,000	5,0027	32,6573	25,8180	5,6077e-01	0,1263	0,113	1468,29	75,094	7,7102	70,611789	5,3952	32,306
33,000	5,0208	32,6957	25,8464	5,8986e-01	0,1262	0,114	1468,43	74,702	7,6647	70,611806	5,3633	33,316
34,000	5,0403	32,7288	25,8705	5,4960e-01	0,1262	0,116	1468,56	74,507	7,6394	70,611829	5,3456	34,325
35,000	5,0677	32,8071	25,9295	5,8276e-01	0,1261	0,117	1468,79	74,576	7,6375	70,611850	5,3443	35,335
36,000	5,0987	32,8499	25,9598	8,2361e-01	0,1262	0,117	1468,99	74,594	7,6316	70,611871	5,3401	36,345
37,000	5,1290	32,9313	26,0209	7,2169e-01	0,1262	0,117	1469,23	74,712	7,6339	70,611889	5,3418	37,354
38,000	5,1257	33,0113	26,0847	7,2192e-01	0,1262	0,117	1469,34	74,875	7,6471	70,611905	5,3510	38,364
39,000	5,1339	33,0178	26,0889	7,1578e-01	0,1262	0,118	1469,40	74,846	7,6423	70,611922	5,3476	39,374
40,000	5,1508	33,0445	26,1081	7,5077e-01	0,1262	0,118	1469,52	74,812	7,6344	70,611946	5,3421	40,383
41,000	5,1456	33,1023	26,1545	6,8951e-01	0,1263	0,117	1469,58	74,841	7,6354	70,611964	5,3428	41,393
42,000	5,1136	33,1776	26,2178	6,7675e-01	0,1262	0,120	1469,57	74,902	7,6435	70,611978	5,3485	42,403
43,000	5,1120	33,2366	26,2647	7,2430e-01	0,1262	0,121	1469,65	74,802	7,6306	70,611995	5,3395	43,412
44,000	5,1220	33,2679	26,2884	5,9394e-01	0,1263	0,122	1469,75	74,714	7,6183	70,612016	5,3308	44,422
45,000	5,1360	33,3176	26,3262	5,3419e-01	0,1263	0,125	1469,88	74,942	7,6364	70,612036	5,3435	45,432
46,000	5,1450	33,3433	26,3455	5,4807e-01	0,1264	0,126	1469,97	75,040	7,6434	70,612052	5,3484	46,442
47,000	5,1495	33,3534	26,3529	4,9764e-01	0,1264	0,128	1470,02	75,114	7,6496	70,612067	5,3528	47,451
48,000	5,1578	33,3667	26,3626	5,0932e-01	0,1263	0,128	1470,09	75,132	7,6493	70,612089	5,3525	48,461
49,000	5,1750	33,3859	26,3758	4,7386e-01	0,1264	0,128	1470,20	75,133	7,6453	70,612108	5,3497	49,471
50,000	5,1922	33,3994	26,3845	6,1911e-01	0,1264	0,129	1470,30	75,065	7,6345	70,612124	5,3422	50,481
51,000	5,2072	33,4149	26,3950	4,6802e-01	0,1263	0,129	1470,40	75,019	7,6263	70,612144	5,3365	51,490
52,000	5,2533	33,4580	26,4238	4,0072e-01	0,1262	0,129	1470,66	74,959	7,6098	70,612165	5,3249	52,500
53,000	5,3954	33,5615	26,4893	3,9040e-01	0,1262	0,129	1471,38	74,976	7,5806	70,612181	5,3045	53,510
54,000	5,4676	33,6069	26,5167	5,8829e-01	0,1262	0,130	1471,75	74,983	7,5661	70,612203	5,2943	54,519
55,000	5,4957	33,6266	26,5289	2,9439e-01	0,1263	0,130	1471,90	74,666	7,5282	70,612224	5,2678	55,529
56,000	5,5902	33,6927	26,5698	2,7248e-01	0,1264	0,131	1472,38	73,671	7,4081	70,612239	5,1837	56,539
57,000	5,6510	33,7474	26,6058	2,8664e-01	0,1263	0,131	1472,71	72,990	7,3264	70,612260	5,1266	57,549
58,000	5,6750	33,7789	26,6278	2,6290e-01	0,1263	0,132	1472,86	72,576	7,2792	70,612283	5,0936	58,559
59,000	5,6894	33,7890	26,6340	2,5807e-01	0,1263	0,132	1472,95	71,997	7,2183	70,612299	5,0509	59,568
60,000	5,7046	33,8077	26,6470	2,5835e-01	0,1264	0,132	1473,05	71,549	7,1699	70,612319	5,0171	60,578
61,000	5,7415	33,8441	26,6713	2,5850e-01	0,1263	0,132	1473,26	71,534	7,1604	70,612343	5,0104	61,588
62,000	5,8236	33,9004	26,7057	2,2768e-01	0,1263	0,132	1473,68	71,596	7,1501	70,612359	5,0032	62,598
63,000	5,9251	33,9554	26,7365	2,4370e-01	0,1262	0,132	1474,17	71,641	7,1351	70,612375	4,9927	63,607
64,000	6,0427	33,9966	26,7544	2,5766e-01	0,1263	0,132	1474,70	71,760	7,1253	70,612401	4,9859	64,617
65,000	6,0930	34,0274	26,7723	2,1594e-01	0,1263	0,132	1474,96	71,626	7,1022	70,612417	4,9697	65,627
66,000	6,2883	34,0898	26,7966	2,4733e-01	0,1263	0,132	1475,83	71,440	7,0488	70,612432	4,9323	66,637
67,000	6,4404	34,1263	26,8056	2,6447e-01	0,1263	0,133	1476,49	71,198	6,9985	70,612456	4,8971	67,647
68,000	6,6387	34,1742	26,8172	1,9556e-01	0,1263	0,134	1477,34	71,049	6,9496	70,612476	4,8629	68,656
69,000	6,7173	34,1951	26,8231	2,3513e-01	0,1264	0,134	1477,69	70,684	6,9005	70,612490	4,8285	69,666
70,000	6,7816	34,2290	26,8412	1,9548e-01	0,1263	0,135	1478,00	70,287	6,8500	70,612516	4,7932	70,676
71,000	6,7780	34,2353	26,8466	1,8562e-01	0,1263	0,136	1478,01	69,679	6,7911	70,612535	4,7520	71,686
72,000	6,7634	34,2497	26,8600	1,8759e-01	0,1264	0,136	1477,99	69,351	6,7607	70,612549	4,7307	72,696
73,000	6,7879	34,2747	26,8763	1,9172e-01	0,1263	0,136	1478,13	68,976	6,7192	70,612574	4,7017	73,706
74,000	6,8106	34,2868	26,8828	1,7350e-01	0,1264	0,135	1478,26	68,993	6,7168	70,612597	4,7000	74,715
75,000	6,8136	34,2910	26,8857	1,7389e-01	0,1263	0,136	1478,29	68,999	6,7168	70,612610	4,7000	75,725
76,000	6,8126	34,2938	26,8880	2,0199e-01	0,1263	0,136	1478,31	69,020	6,7189	70,612629	4,7015	76,735
77,000	6,8137	34,2971	26,8905	1,8990e-01	0,1264	0,136	1478,33	69,045	6,7210	70,612654	4,7030	77,745
78,000	6,8163	34,3013	26,8935	1,7703e-01	0,1263	0,136	1478,36	68,895	6,7059	70,612672	4,6924	78,755
79,000	6,8228	34,3076	26,8976	1,7330e-01	0,1263	0,136	1478,41	68,884	6,7035	70,612688	4,6907	79,765
80,000	6,8282	34,3107	26,8992	1,8475e-01	0,1263	0,136	1478,45	68,973	6,7111	70,612708	4,6960	80,775
81,000	6,8317	34,3130	26,9006	1,7935e-01	0,1264	0,136	1478,49	68,932	6,7065	70,612728	4,6928	81,785
82,000	6,8128	34,3154	26,9051	1,8148e-01	0,1264	0,136	1478,43	68,948	6,7109	70,612747	4,6959	82,794
83,000	6,8150	34,3292	26,9157	1,7969e-01	0,1264	0,136	1478,47	68,924	6,7076	70,612766	4,6936	83,804
84,000	6,7776	34,3391	26,9285	2,3889e-01	0,1263	0,136	1478,36	69,081	6,7282	70,612787	4,7080	84,814
85,000	6,8199	34,3573	26,9371	1,9138e-01	0,1263	0,136	1478,56	68,994	6,7124	70,612806	4,6970	85,824
86,000	6,8340	34,3632	26,9399	1,8495e-01	0,1263	0,136	1478,64	69,028	6,7132	70,612823	4,6975	86,834
87,000	6,8487	34,3804	26,9514	1,7515e-01	0,1263	0,136	1478,74	69,081	6,7154	70,612845	4,6991	87,844
88,000	6,8391	34,3927	26,9625	1,6911e-01	0,1263	0,136	1478,73	69,039	6,7122	70,612865	4,6968	88,854
89,000	6,8220	34,4078	26,9767	1,7912e-01	0,1264	0,136	1478,70	69,138	6,7239	70,612883	4,7050	89,864
90,000	6,8141	34,4133	26,9821	1,8348e-01	0,1264	0,136	1478,69	69,100	6,7212	70,612904	4,7031	90,874
91,000	6,8044	34,4182	26,9872	1,7050e-01	0,1263	0,136	1478,68	69,147	6,7270	70,612924	4,7071	91,884
92,000	6,7804	34,4283	26,9985	1,7566e-01	0,1264	0,136	1478,61	69,265	6,7418	70,612942	4,7175	92,894
93,000	6,7686	34,4325	27,0034	1,8965e-01	0,1264	0,136	1478,59	69,271	6,7439	70,612965	4,7190	93,903
94,000	6,7548	34,4370	27,0088	1,7741e-01	0,1265	0,136	1478,56	69,240	6,7429	70,612986	4,7183	94,914
95,000	6,7513	34,4380	27,0101	1,6812e-01	0,1265	0,136	1478,56	69,292	6,7484	70,613003	4,7221	95,924
96,000	6,7317	34,4435	27,0170	1,6947e-01	0,1265	0,136	1478,51	69,285	6,7506	70,613024	4,7237	96,933
97,000	6,7082	34,4497	27,0251	1,8612e-01	0,1265	0,136	1478,44	69,433	6,7684	70,613047	4,7361	97,943
98,000	6,7036	34,4506	27,0264	1,6416e-01	0,1264	0,137	1478,44	69,548	6,7803	70,613066	4,7444	98,953
99,000	6,6995	34,4518	27,0279	1,7152e-01	0,1264	0,138	1478,44	69,530	6,7791	70,613083	4,7436	99,963
100,000	6,6934	34,4525	27,0293	1,8345e-01	0,1263	0,138	1478,44	69,545	6,7815	70,613104	4,7453	100,973
101,000	6,6833	34,4533	27,0313	1,7968e-01	0,1265	0,138	1478,42	69,666	6,7949	70,613131	4,7546	101,983
102,000	6,6556	34,4565	27,0375	1,6931e-01	0,1263	0,138	1478,33	69,635	6,7960	70,613150	4,7554	102,993
103,000	6,6403	34,4599	27,0423	1,6710e-01	0,1264	0,138	1478,29	69,703	6,8048	70,613163	4,7616	104,003
104,000	6,6093	34,4651	27,0505	1,7999e-01	0,1263	0,139	1478,19	69,703	6,8095	70,613188	4,7649	105,013
105,000	6,6040	34,4663	27,0522	1,7318e-01	0,1264	0,139	1478,19	69,729	6,8128	70,613214	4,7672	106,023
106,000	6,6043	34,4655	27,0515	1,6803e-01	0,1265	0,139	1478,20	69,704	6,8104	70,613228	4,7655	107,033
107,000	6,5959	34,4661	27,0531	1,7410e-01	0,1263	0,139	1478,19	69,878	6,8286	70,613249	4,7783	108,043
108,000	6,5703	34,4669	27,0571	1,7724e-01	0,1265	0,139	1478,11	69,955	6,8402	70,613275	4,7864	109,053
109,000	6,5470	34,4688	27,0618	1,7646e-01	0,1264	0,139	1478,04	69,896	6,8380	70,613290	4,7848	110,063
110,000	6,5395	34,4691	27,0630	1,7338e-01	0,1264	0,139	1478,02	69,860	6,8357	70,613313	4,7832	111,073
111,000	6,5377	34,4690	27,0632	1,7124e-01	0,1262	0,139	1478,03	69,817	6,8318	70,613338	4,7805	112,083
112,000	6,5373	34,4689	27,0631	1,7682e-01	0,1265	0,139	1478,05	69,927	6,8426	70,613351	4,7881	113,093
113,000	6,5346	34,4692	27,0637	1,8130e-01	0,1265	0,139	1478,05	70,079	6,8579	70,613377	4,7988	114,103
114,000	6,5326	34,4691	27,0639	1,7411e-01	0,1265	0,139	1478,06	69,996	6,8501	70,613403	4,7933	115,113
115,000	6,5329	34,4694	27,0641	1,7908e-01	0,1264	0,139	1478,08	70,016	6,8520	70,613415	4,7946	116,124
116,000	6,5321	34,4695	27,0643	1,9911e-01	0,1264	0,140	1478,09	70,054	6,8558	70,613437	4,7973	117,134
117,000	6,5335	34,4692	27,0639	1,7379e-01	0,1264	0,139	1478,11	69,918	6,8423	70,613467	4,7878	118,144
118,000	6,5334	34,4690	27,0638	1,7547e-01	0,1265	0,139	1478,13	69,937	6,8442	70,613479	4,7892	119,154
119,000	6,5325	34,4692	27,0640	1,9206e-01	0,1263	0,139	1478,14	70,074	6,8577	70,613498	4,7986	120,164
120,000	6,5274	34,4692	27,0647	1,7232e-01	0,1263	0,140	1478,14	70,061	6,8573	70,613525	4,7983	121,174
121,000	6,5274	34,4695	27,0649	1,9928e-01	0,1264	0,140	1478,16	69,986	6,8499	70,613540	4,7932	122,184
122,000	6,5179	34,4684	27,0653	1,8842e-01	0,1264	0,140	1478,14	69,998	6,8526	70,613565	4,7951	123,194
123,000	6,4900	34,4684	27,0690	1,7488e-01	0,1266	0,140	1478,04	70,078	6,8649	70,613585	4,8036	124,204
124,000	6,4641	34,4689	27,0729	1,7385e-01	0,1264	0,140	1477,96	70,106	6,8717	70,613600	4,8084	125,214
125,000	6,4209	34,4689	27,0786	1,8286e-01	0,1264	0,140	1477,80	70,039	6,8721	70,613623	4,8087	126,224
126,000	6,3827	34,4688	27,0834	1,8420e-01	0,1265	0,141	1477,67	70,096	6,8837	70,613648	4,8168	127,235
127,000	6,3553	34,4686	27,0869	1,8843e-01	0,1263	0,140	1477,58	70,112	6,8897	70,613663	4,8210	128,245
128,000	6,3408	34,4684	27,0887	2,0147e-01	0,1265	0,140	1477,54	70,252	6,9058	70,613682	4,8323	129,255
129,000	6,3291	34,4676	27,0896	1,9716e-01	0,1264	0,141	1477,51	70,300	6,9124	70,613705	4,8369	130,265
130,000	6,3130	34,4693	27,0930	2,2179e-01	0,1263	0,141	1477,46	70,408	6,9255	70,613723	4,8460	131,275
131,000	6,2984	34,4715	27,0966	2,5897e-01	0,1264	0,141	1477,43	70,666	6,9531	70,613744	4,8654	132,285
132,000	6,2788	34,4741	27,1012	2,5836e-01	0,1263	0,142	1477,37	71,068	6,9958	70,613766	4,8952	133,295
133,000	6,2310	34,4871	27,1178	3,0486e-01	0,1263	0,142	1477,21	71,323	7,0281	70,613783	4,9178	134,305
134,000	6,2267	34,5076	27,1345	3,4264e-01	0,1264	0,142	1477,24	71,764	7,0713	70,613804	4,9480	135,315
135,000	6,2291	34,5157	27,1405	3,3493e-01	0,1264	0,142	1477,27	72,694	7,1621	70,613827	5,0116	136,326
136,000	6,2321	34,5191	27,1429	3,5775e-01	0,1264	0,142	1477,31	73,203	7,2116	70,613844	5,0462	137,336
137,000	6,2438	34,5348	27,1538	3,9725e-01	0,1264	0,142	1477,39	73,495	7,2377	70,613864	5,0645	138,346
138,000	6,2459	34,5440	27,1607	3,3139e-01	0,1264	0,142	1477,43	73,665	7,2536	70,613890	5,0756	139,356
139,000	6,2404	34,5443	27,1617	3,3456e-01	0,1264	0,141	1477,42	73,886	7,2763	70,613904	5,0915	140,366
140,000	6,2393	34,5446	27,1621	4,4719e-01	0,1264	0,142	1477,43	73,976	7,2853	70,613923	5,0978	141,376
141,000	6,2373	34,5440	27,1618	3,8196e-01	0,1264	0,143	1477,44	73,883	7,2765	70,613951	5,0917	142,387
142,000	6,2365	34,5445	27,1623	3,3408e-01	0,1265	0,143	1477,46	73,994	7,2876	70,613969	5,0994	143,397
143,000	6,2309	34,5439	27,1626	3,5307e-01	0,1264	0,143	1477,45	73,973	7,2865	70,613984	5,0987	144,407
144,000	6,2194	34,5434	27,1637	4,1866e-01	0,1265	0,142	1477,42	73,927	7,2839	70,614007	5,0968	145,417
145,000	6,2165	34,5463	27,1664	3,4225e-01	0,1265	0,142	1477,43	73,927	7,2842	70,614033	5,0971	146,427
146,000	6,2304	34,5512	27,1684	3,6510e-01	0,1264	0,143	1477,51	73,844	7,2735	70,614048	5,0896	147,438
147,000	6,2271	34,5521	27,1696	4,4264e-01	0,1263	0,143	1477,51	73,776	7,2674	70,614069	5,0853	148,448
148,000	6,2228	34,5517	27,1698	3,2734e-01	0,1265	0,143	1477,51	73,825	7,2729	70,614094	5,0891	149,458
149,000	6,2229	34,5516	27,1698	3,2830e-01	0,1264	0,143	1477,53	73,797	7,2701	70,614111	5,0872	150,468
150,000	6,2214	34,5518	27,1701	3,8547e-01	0,1264	0,143	1477,54	73,834	7,2741	70,614132	5,0899	151,478
151,000	6,2190	34,5515	27,1702	3,3469e-01	0,1263	0,143	1477,55	73,775	7,2686	70,614159	5,0861	152,489
152,000	6,2211	34,5533	27,1713	3,6339e-01	0,1264	0,143	1477,57	73,798	7,2704	70,614175	5,0874	153,499
153,000	6,2212	34,5552	27,1728	3,9925e-01	0,1264	0,143	1477,59	73,874	7,2778	70,614195	5,0926	154,509
154,000	6,2211	34,5574	27,1745	3,8175e-01	0,1264	0,143	1477,61	73,790	7,2695	70,614222	5,0868	155,519
155,000	6,2235	34,5605	27,1767	3,6416e-01	0,1263	0,143	1477,64	73,725	7,2625	70,614239	5,0819	156,530
156,000	6,2274	34,5632	27,1783	3,6224e-01	0,1263	0,143	1477,68	73,786	7,2678	70,614261	5,0856	157,540
157,000	6,2319	34,5673	27,1810	3,7275e-01	0,1263	0,143	1477,71	73,728	7,2611	70,614287	5,0809	158,550
158,000	6,2449	34,5759	27,1860	3,6822e-01	0,1262	0,143	1477,79	73,696	7,2552	70,614304	5,0768	159,560
159,000	6,2537	34,5842	27,1915	4,0137e-01	0,1264	0,143	1477,86	73,697	7,2535	70,614327	5,0755	160,571
160,000	6,2582	34,5870	27,1931	2,9181e-01	0,1263	0,143	1477,89	73,814	7,2641	70,614352	5,0830	161,581
161,000	6,2623	34,5903	27,1951	3,1691e-01	0,1264	0,143	1477,93	73,717	7,2538	70,614365	5,0758	162,591
162,000	6,2653	34,5928	27,1967	3,4999e-01	0,1263	0,144	1477,96	73,664	7,2479	70,614392	5,0716	163,602
163,000	6,2664	34,5932	27,1969	3,0533e-01	0,1264	0,143	1477,98	73,670	7,2483	70,614415	5,0719	164,612
164,000	6,2671	34,5934	27,1970	3,3376e-01	0,1263	0,144	1478,00	73,604	7,2416	70,614428	5,0672	165,622
165,000	6,2709	34,5948	27,1976	3,3808e-01	0,1264	0,144	1478,04	73,640	7,2444	70,614451	5,0692	166,632
166,000	6,2757	34,5982	27,1996	3,0965e-01	0,1263	0,145	1478,08	73,550	7,2347	70,614477	5,0624	167,643
167,000	6,2776	34,6005	27,2012	4,4395e-01	0,1263	0,144	1478,10	73,587	7,2379	70,614493	5,0646	168,653
168,000	6,2776	34,6012	27,2018	3,8013e-01	0,1263	0,145	1478,12	73,508	7,2301	70,614515	5,0592	169,663
169,000	6,2781	34,6028	27,2030	3,4689e-01	0,1264	0,145	1478,14	73,463	7,2255	70,614541	5,0560	170,674
170,000	6,2806	34,6061	27,2052	3,1380e-01	0,1265	0,145	1478,17	73,576	7,2360	70,614558	5,0633	171,684
171,000	6,2800	34,6084	27,2072	3,3014e-01	0,1263	0,145	1478,19	73,524	7,2309	70,614577	5,0597	172,694
172,000	6,2797	34,6106	27,2089	3,0872e-01	0,1264	0,146	1478,21	73,551	7,2335	70,614602	5,0616	173,705
173,000	6,2766	34,6108	27,2095	3,1206e-01	0,1264	0,146	1478,21	73,463	7,2254	70,614622	5,0559	174,715
174,000	6,2778	34,6114	27,2098	3,1852e-01	0,1263	0,147	1478,23	73,439	7,2228	70,614643	5,0541	175,725
175,000	6,2778	34,6113	27,2097	2,9611e-01	0,1264	0,146	1478,25	73,352	7,2142	70,614660	5,0481	176,736
176,000	6,2725	34,6104	27,2097	3,2777e-01	0,1263	0,147	1478,24	73,222	7,2023	70,614684	5,0398	177,746
177,000	6,2706	34,6100	27,2097	2,7459e-01	0,1263	0,147	1478,25	73,309	7,2112	70,614709	5,0460	178,756
178,000	6,2730	34,6104	27,2096	2,8223e-01	0,1263	0,147	1478,28	73,139	7,1941	70,614723	5,0340	179,767
179,000	6,2729	34,6104	27,2096	3,4380e-01	0,1264	0,147	1478,30	73,003	7,1808	70,614745	5,0247	180,777
180,000	6,2692	34,6094	27,2093	2,7502e-01	0,1263	0,147	1478,30	73,045	7,1856	70,614772	5,0281	181,787
181,000	6,2697	34,6096	27,2094	2,9611e-01	0,1264	0,147	1478,32	73,091	7,1900	70,614788	5,0311	182,798
182,000	6,2693	34,6098	27,2096	2,8793e-01	0,1263	0,147	1478,33	73,109	7,1918	70,614810	5,0324	183,808
183,000	6,2694	34,6096	27,2094	3,0201e-01	0,1265	0,147	1478,35	72,990	7,1801	70,614830	5,0242	184,819
184,000	6,2692	34,6092	27,2092	3,1606e-01	0,1265	0,147	1478,36	73,051	7,1861	70,614854	5,0284	185,829
185,000	6,2688	34,6090	27,2091	2,9271e-01	0,1263	0,147	1478,38	72,970	7,1782	70,614877	5,0229	186,839
186,000	6,2680	34,6090	27,2092	3,2259e-01	0,1264	0,147	1478,39	72,957	7,1771	70,614894	5,0221	187,850
187,000	6,2678	34,6092	27,2094	3,0767e-01	0,1264	0,147	1478,41	72,971	7,1785	70,614911	5,0231	188,860
188,000	6,2680	34,6097	27,2098	2,6942e-01	0,1264	0,147	1478,43	72,977	7,1791	70,614945	5,0235	189,871
189,000	6,2685	34,6094	27,2095	2,8425e-01	0,1264	0,147	1478,44	72,900	7,1714	70,614961	5,0181	190,881
190,000	6,2685	34,6096	27,2096	3,0844e-01	0,1263	0,147	1478,46	72,894	7,1708	70,614976	5,0177	191,891
191,000	6,2686	34,6097	27,2096	2,6134e-01	0,1264	0,148	1478,48	72,796	7,1611	70,615007	5,0109	192,902
192,000	6,2691	34,6100	27,2098	2,7570e-01	0,1264	0,147	1478,50	72,846	7,1660	70,615023	5,0143	193,912
193,000	6,2716	34,6112	27,2105	2,8966e-01	0,1265	0,147	1478,52	72,859	7,1668	70,615038	5,0149	194,923
194,000	6,2734	34,6118	27,2107	3,0269e-01	0,1263	0,148	1478,55	72,891	7,1696	70,615066	5,0169	195,933
195,000	6,2741	34,6118	27,2106	2,8012e-01	0,1265	0,148	1478,57	72,903	7,1706	70,615088	5,0176	196,944
196,000	6,2834	34,6161	27,2128	2,7926e-01	0,1264	0,148	1478,63	72,940	7,1725	70,615101	5,0189	197,954
197,000	6,3128	34,6263	27,2170	3,1621e-01	0,1264	0,149	1478,77	73,100	7,1829	70,615132	5,0261	198,965
198,000	6,3121	34,6315	27,2212	3,0251e-01	0,1265	0,148	1478,79	73,117	7,1845	70,615149	5,0273	199,975
199,000	6,3017	34,6360	27,2261	3,1708e-01	0,1263	0,149	1478,77	73,255	7,1995	70,615163	5,0378	200,985
200,000	6,2914	34,6376	27,2287	2,9247e-01	0,1264	0,149	1478,75	73,295	7,2051	70,615193	5,0417	201,996
201,000	6,2870	34,6370	27,2288	2,6078e-01	0,1264	0,149	1478,75	73,184	7,1949	70,615214	5,0346	203,006
202,000	6,2795	34,6369	27,2297	2,6203e-01	0,1264	0,150	1478,74	73,118	7,1897	70,615227	5,0309	204,017
203,000	6,2481	34,6345	27,2319	3,4641e-01	0,1265	0,149	1478,63	72,955	7,1790	70,615250	5,0234	205,027
204,000	6,2270	34,6357	27,2356	2,2165e-01	0,1265	0,150	1478,56	72,800	7,1672	70,615274	5,0152	206,038
205,000	6,2256	34,6410	27,2400	2,2870e-01	0,1263	0,150	1478,58	72,621	7,1496	70,615291	5,0028	207,048
206,000	6,2256	34,6443	27,2426	2,2700e-01	0,1265	0,150	1478,60	72,284	7,1162	70,615316	4,9795	208,059
207,000	6,2251	34,6481	27,2456	2,0227e-01	0,1265	0,150	1478,62	71,990	7,0872	70,615335	4,9592	209,069
208,000	6,2272	34,6502	27,2470	2,0426e-01	0,1265	0,150	1478,65	71,822	7,0702	70,615351	4,9473	210,080
209,000	6,2303	34,6528	27,2487	2,0218e-01	0,1265	0,150	1478,68	71,577	7,0455	70,615384	4,9300	211,090
210,000	6,2350	34,6540	27,2490	1,9787e-01	0,1265	0,150	1478,72	71,547	7,0417	70,615397	4,9273	212,101
211,000	6,2429	34,6573	27,2506	2,0187e-01	0,1266	0,150	1478,77	71,504	7,0361	70,615412	4,9234	213,111
212,000	6,2506	34,6597	27,2515	2,0545e-01	0,1264	0,150	1478,82	71,427	7,0271	70,615444	4,9172	214,122
213,000	6,2549	34,6604	27,2515	2,1280e-01	0,1264	0,150	1478,85	71,495	7,0330	70,615460	4,9213	215,132
214,000	6,2606	34,6616	27,2517	2,2350e-01	0,1264	0,150	1478,89	71,451	7,0277	70,615476	4,9176	216,143
215,000	6,2697	34,6639	27,2523	2,0264e-01	0,1264	0,151	1478,95	71,446	7,0256	70,615506	4,9161	217,154
216,000	6,2855	34,6674	27,2530	2,0078e-01	0,1264	0,151	1479,03	71,540	7,0321	70,615524	4,9207	218,164
217,000	6,2913	34,6694	27,2538	2,1252e-01	0,1264	0,151	1479,07	71,438	7,0211	70,615538	4,9130	219,175
218,000	6,2950	34,6718	27,2552	2,0782e-01	0,1263	0,152	1479,11	71,447	7,0212	70,615571	4,9130	220,185
219,000	6,2957	34,6736	27,2566	2,0297e-01	0,1262	0,151	1479,13	71,272	7,0038	70,615588	4,9009	221,196
220,000	6,2919	34,6751	27,2582	2,2035e-01	0,1265	0,153	1479,13	71,268	7,0040	70,615602	4,9010	222,206
221,000	6,2879	34,6751	27,2588	2,0516e-01	0,1264	0,153	1479,13	71,417	7,0193	70,615633	4,9117	223,217
222,000	6,2880	34,6745	27,2583	2,0250e-01	0,1263	0,153	1479,15	71,446	7,0221	70,615654	4,9137	224,228
223,000	6,2885	34,6747	27,2584	2,0935e-01	0,1264	0,153	1479,17	71,460	7,0234	70,615668	4,9146	225,238
224,000	6,2885	34,6748	27,2584	2,1770e-01	0,1264	0,154	1479,18	71,549	7,0322	70,615693	4,9207	226,249
225,000	6,2889	34,6790	27,2617	2,0175e-01	0,1263	0,154	1479,21	71,511	7,0282	70,615714	4,9179	227,260
226,000	6,2855	34,6810	27,2638	1,9919e-01	0,1264	0,154	1479,21	71,443	7,0219	70,615735	4,9135	228,270
227,000	6,2842	34,6812	27,2641	1,9880e-01	0,1264	0,154	1479,23	71,474	7,0252	70,615756	4,9159	229,280
228,000	6,2836	34,6823	27,2650	2,1067e-01	0,1264	0,154	1479,24	71,482	7,0260	70,615775	4,9164	230,291
229,000	6,2838	34,6848	27,2669	2,0738e-01	0,1265	0,154	1479,26	71,421	7,0199	70,615799	4,9121	231,302
230,000	6,2863	34,6860	27,2676	1,9675e-01	0,1263	0,154	1479,29	71,464	7,0237	70,615825	4,9148	232,312
231,000	6,2886	34,6870	27,2681	1,9491e-01	0,1264	0,154	1479,32	71,364	7,0134	70,615839	4,9076	233,323
232,000	6,2871	34,6873	27,2685	2,0350e-01	0,1264	0,154	1479,33	71,403	7,0175	70,615861	4,9104	234,334
233,000	6,2845	34,6880	27,2694	1,8675e-01	0,1265	0,154	1479,34	71,399	7,0175	70,615895	4,9104	235,344
234,000	6,2835	34,6875	27,2691	1,8321e-01	0,1264	0,154	1479,35	71,298	7,0077	70,615906	4,9036	236,355
235,000	6,2827	34,6874	27,2692	1,9903e-01	0,1264	0,155	1479,36	71,385	7,0165	70,615924	4,9097	237,365
236,000	6,2655	34,6849	27,2695	1,8607e-01	0,1264	0,155	1479,31	71,359	7,0168	70,615956	4,9099	238,376
237,000	6,2665	34,6873	27,2712	1,8610e-01	0,1266	0,155	1479,33	71,248	7,0056	70,615971	4,9021	239,387
238,000	6,2743	34,6895	27,2719	1,9048e-01	0,1264	0,155	1479,38	71,298	7,0091	70,615986	4,9046	240,397
239,000	6,2870	34,6931	27,2731	1,9715e-01	0,1263	0,156	1479,45	71,208	6,9981	70,616010	4,8968	241,408
240,000	6,2943	34,6947	27,2734	2,0189e-01	0,1264	0,156	1479,50	71,115	6,9877	70,616032	4,8896	242,419
241,000	6,2939	34,6954	27,2740	1,9415e-01	0,1264	0,157	1479,52	71,185	6,9946	70,616050	4,8944	243,430
242,000	6,2847	34,6970	27,2765	1,9202e-01	0,1265	0,157	1479,50	71,244	7,0018	70,616072	4,8994	244,440
243,000	6,2878	34,7001	27,2785	1,9057e-01	0,1265	0,158	1479,53	71,337	7,0103	70,616089	4,9054	245,451
244,000	6,2866	34,7040	27,2817	1,9935e-01	0,1264	0,158	1479,55	71,187	6,9955	70,616111	4,8950	246,461
245,000	6,2921	34,7093	27,2852	1,8688e-01	0,1264	0,158	1479,59	70,976	6,9737	70,616140	4,8798	247,472
246,000	6,2961	34,7113	27,2863	1,8506e-01	0,1264	0,158	1479,63	70,981	6,9734	70,616153	4,8796	248,483
247,000	6,2997	34,7134	27,2874	1,9060e-01	0,1266	0,158	1479,66	71,008	6,9754	70,616168	4,8810	249,494
248,000	6,2976	34,7156	27,2895	1,9578e-01	0,1265	0,158	1479,67	70,915	6,9665	70,616196	4,8747	250,504
249,000	6,3099	34,7196	27,2910	1,8153e-01	0,1265	0,158	1479,74	70,835	6,9565	70,616220	4,8677	251,515
250,000	6,3201	34,7226	27,2921	1,8623e-01	0,1264	0,158	1479,80	70,836	6,9548	70,616233	4,8666	252,526
251,000	6,3272	34,7274	27,2949	1,8982e-01	0,1264	0,158	1479,85	70,873	6,9571	70,616249	4,8682	253,536
252,000	6,3421	34,7346	27,2987	1,9901e-01	0,1266	0,159	1479,94	70,835	6,9506	70,616278	4,8636	254,547
253,000	6,3548	34,7412	27,3022	1,9188e-01	0,1266	0,159	1480,01	70,712	6,9362	70,616299	4,8536	255,558
254,000	6,3557	34,7437	27,3041	1,8658e-01	0,1265	0,160	1480,04	70,833	6,9478	70,616314	4,8616	256,569
255,000	6,3580	34,7467	27,3061	1,9840e-01	0,1264	0,160	1480,07	70,850	6,9490	70,616335	4,8625	257,579
256,000	6,3643	34,7519	27,3094	1,9172e-01	0,1265	0,160	1480,11	70,743	6,9372	70,616359	4,8542	258,590
257,000	6,3808	34,7616	27,3149	1,9386e-01	0,1265	0,161	1480,21	70,780	6,9378	70,616380	4,8546	259,601
258,000	6,3924	34,7675	27,3180	1,9599e-01	0,1264	0,161	1480,28	70,794	6,9370	70,616400	4,8541	260,612
259,000	6,4134	34,7794	27,3246	2,0288e-01	0,1264	0,161	1480,39	70,708	6,9246	70,616418	4,8455	261,622
260,000	6,4299	34,7864	27,3280	2,0777e-01	0,1264	0,161	1480,48	70,632	6,9142	70,616438	4,8382	262,633
261,000	6,4342	34,7884	27,3289	1,9606e-01	0,1263	0,161	1480,52	70,483	6,8989	70,616467	4,8274	263,644
262,000	6,4418	34,7909	27,3300	1,9580e-01	0,1263	0,161	1480,57	70,322	6,8818	70,616483	4,8155	264,655
263,000	6,4431	34,7916	27,3303	1,9701e-01	0,1263	0,161	1480,59	70,288	6,8782	70,616495	4,8129	265,666
264,000	6,4446	34,7923	27,3307	2,1393e-01	0,1264	0,161	1480,61	70,345	6,8836	70,616517	4,8167	266,676
265,000	6,4467	34,7933	27,3312	1,9752e-01	0,1264	0,161	1480,64	70,260	6,8748	70,616549	4,8106	267,687
266,000	6,4470	34,7937	27,3314	1,9263e-01	0,1264	0,161	1480,66	70,188	6,8677	70,616564	4,8056	268,698
267,000	6,4478	34,7943	27,3318	1,9844e-01	0,1264	0,162	1480,68	70,236	6,8722	70,616576	4,8088	269,709
268,000	6,4484	34,7950	27,3323	2,1157e-01	0,1264	0,163	1480,70	70,202	6,8688	70,616607	4,8064	270,719
269,000	6,4504	34,7960	27,3329	1,9636e-01	0,1264	0,163	1480,72	70,169	6,8652	70,616629	4,8039	271,730
270,000	6,4511	34,7965	27,3331	2,0900e-01	0,1266	0,164	1480,74	70,217	6,8698	70,616644	4,8071	272,741
271,000	6,4523	34,7974	27,3336	2,0461e-01	0,1264	0,165	1480,77	70,247	6,8724	70,616670	4,8089	273,752
272,000	6,4572	34,8002	27,3353	2,1619e-01	0,1264	0,164	1480,80	70,262	6,8731	70,616691	4,8094	274,763
273,000	6,4592	34,8017	27,3362	2,1045e-01	0,1264	0,165	1480,83	70,213	6,8679	70,616713	4,8057	275,774
274,000	6,4595	34,8015	27,3360	2,0134e-01	0,1265	0,165	1480,85	70,139	6,8606	70,616737	4,8006	276,784
275,000	6,4603	34,8028	27,3368	1,9866e-01	0,1265	0,165	1480,87	70,134	6,8600	70,616751	4,8002	277,795
276,000	6,4612	34,8034	27,3372	2,0587e-01	0,1265	0,165	1480,89	70,050	6,8516	70,616769	4,7943	278,806
277,000	6,4624	34,8042	27,3377	2,0516e-01	0,1264	0,165	1480,91	70,131	6,8592	70,616802	4,7997	279,817
278,000	6,4640	34,8053	27,3384	2,5875e-01	0,1263	0,166	1480,94	70,141	6,8599	70,616819	4,8001	280,828
279,000	6,4648	34,8056	27,3385	1,9688e-01	0,1265	0,166	1480,96	70,134	6,8591	70,616832	4,7996	281,839
280,000	6,4679	34,8082	27,3401	2,3325e-01	0,1264	0,166	1480,99	70,044	6,8497	70,616855	4,7930	282,850
281,000	6,4719	34,8123	27,3428	1,9639e-01	0,1265	0,166	1481,03	70,112	6,8555	70,616885	4,7971	283,860
282,000	6,4832	34,8228	27,3496	2,0086e-01	0,1265	0,167	1481,10	70,115	6,8535	70,616899	4,7957	284,871
283,000	6,4835	34,8231	27,3498	2,2262e-01	0,1265	0,167	1481,12	70,027	6,8449	70,616918	4,7897	285,882
284,000	6,4911	34,8356	27,3586	1,9909e-01	0,1265	0,168	1481,18	69,925	6,8331	70,616945	4,7814	286,893
285,000	6,4893	34,8436	27,3652	1,9075e-01	0,1265	0,168	1481,20	69,715	6,8125	70,616962	4,7670	287,904
286,000	6,4851	34,8492	27,3702	2,1580e-01	0,1265	0,168	1481,21	69,601	6,8018	70,616985	4,7595	288,915
287,000	6,4805	34,8543	27,3748	1,8646e-01	0,1263	0,168	1481,21	69,293	6,7722	70,617009	4,7388	289,926
288,000	6,4741	34,8582	27,3787	1,8326e-01	0,1264	0,168	1481,21	69,158	6,7598	70,617023	4,7301	290,937
289,000	6,4689	34,8615	27,3821	1,9852e-01	0,1264	0,168	1481,21	68,852	6,7306	70,617047	4,7097	291,947
290,000	6,4654	34,8637	27,3843	1,7204e-01	0,1264	0,168	1481,22	68,568	6,7033	70,617074	4,6906	292,958
291,000	6,4631	34,8663	27,3866	1,7758e-01	0,1266	0,168	1481,23	68,408	6,6878	70,617087	4,6798	293,969
292,000	6,4621	34,8679	27,3880	1,8214e-01	0,1264	0,169	1481,24	68,375	6,6847	70,617110	4,6776	294,980
293,000	6,4610	34,8718	27,3912	1,7212e-01	0,1264	0,168	1481,26	68,238	6,6713	70,617139	4,6682	295,991
294,000	6,4606	34,8738	27,3929	1,7179e-01	0,1265	0,170	1481,28	68,243	6,6718	70,617153	4,6685	297,002
295,000	6,4614	34,8813	27,3987	1,8634e-01	0,1266	0,170	1481,31	68,203	6,6674	70,617174	4,6655	298,013
296,000	6,4658	34,9061	27,4177	1,6726e-01	0,1266	0,171	1481,37	67,919	6,6380	70,617202	4,6448	299,024
297,000	6,4662	34,9143	27,4241	1,7137e-01	0,1266	0,172	1481,40	67,723	6,6183	70,617214	4,6311	300,035
298,000	6,4683	34,9189	27,4274	1,7583e-01	0,1265	0,172	1481,43	67,396	6,5858	70,617234	4,6084	301,046
299,000	6,4705	34,9259	27,4326	1,6649e-01	0,1265	0,172	1481,46	66,293	6,4774	70,617265	4,5325	302,057
300,000	6,4702	34,9279	27,4343	1,6688e-01	0,1265	0,172	1481,48	65,933	6,4422	70,617277	4,5079	303,068
301,000	6,4679	34,9305	27,4366	1,7546e-01	0,1264	0,172	1481,49	65,726	6,4223	70,617291	4,4939	304,079
302,000	6,4678	34,9299	27,4362	1,7184e-01	0,1265	0,173	1481,51	65,419	6,3922	70,617330	4,4729	305,090
303,000	6,4675	34,9320	27,4379	1,6936e-01	0,1264	0,172	1481,53	65,155	6,3664	70,617343	4,4549	306,101
304,000	6,4672	34,9332	27,4388	1,6683e-01	0,1265	0,175	1481,54	65,102	6,3612	70,617355	4,4512	307,112
305,000	6,4715	34,9407	27,4442	1,7599e-01	0,1265	0,176	1481,59	65,032	6,3534	70,617384	4,4457	308,123
306,000	6,4736	34,9424	27,4453	1,6674e-01	0,1267	0,176	1481,61	64,967	6,3467	70,617406	4,4411	309,134
307,000	6,4743	34,9429	27,4456	1,6632e-01	0,1266	0,176	1481,63	64,863	6,3365	70,617419	4,4339	310,145
308,000	6,4763	34,9440	27,4462	1,7036e-01	0,1267	0,176	1481,66	64,564	6,3069	70,617448	4,4132	311,156
309,000	6,4783	34,9453	27,4470	1,5970e-01	0,1265	0,176	1481,68	64,482	6,2985	70,617468	4,4073	312,167
310,000	6,4788	34,9462	27,4476	1,7000e-01	0,1265	0,176	1481,71	64,351	6,2856	70,617482	4,3983	313,178
311,000	6,4799	34,9467	27,4478	1,7518e-01	0,1265	0,176	1481,73	64,278	6,2783	70,617511	4,3932	314,189
312,000	6,4838	34,9498	27,4498	1,6476e-01	0,1263	0,176	1481,76	64,266	6,2765	70,617529	4,3919	315,200
313,000	6,4854	34,9517	27,4511	1,6505e-01	0,1265	0,176	1481,79	64,270	6,2766	70,617542	4,3920	316,211
314,000	6,4960	34,9680	27,4624	1,7050e-01	0,1264	0,176	1481,87	64,200	6,2675	70,617569	4,3856	317,222
315,000	6,4991	34,9723	27,4654	1,5701e-01	0,1264	0,176	1481,90	64,101	6,2572	70,617592	4,3784	318,233
316,000	6,5002	34,9736	27,4663	1,5996e-01	0,1265	0,177	1481,92	63,823	6,2299	70,617604	4,3593	319,244
317,000	6,5069	34,9853	27,4746	1,6725e-01	0,1265	0,178	1481,98	63,376	6,1847	70,617629	4,3277	320,255
318,000	6,5113	34,9909	27,4785	1,5813e-01	0,1267	0,179	1482,02	63,070	6,1541	70,617653	4,3063	321,266
319,000	6,5104	34,9888	27,4769	1,6241e-01	0,1266	0,178	1482,03	62,928	6,1404	70,617665	4,2967	322,277
320,000	6,5096	34,9874	27,4760	1,6507e-01	0,1266	0,179	1482,04	62,503	6,0991	70,617688	4,2678	323,288
321,000	6,5123	34,9920	27,4792	1,5634e-01	0,1265	0,179	1482,08	62,267	6,0756	70,617715	4,2513	324,299
322,000	6,5209	35,0019	27,4859	1,5428e-01	0,1267	0,179	1482,14	62,279	6,0751	70,617727	4,2510	325,310
323,000	6,5254	35,0046	27,4875	1,5622e-01	0,1265	0,179	1482,18	62,329	6,0792	70,617744	4,2539	326,321
324,000	6,5361	35,0122	27,4920	1,5536e-01	0,1265	0,179	1482,25	61,960	6,0414	70,617779	4,2274	327,333
325,000	6,5386	35,0137	27,4928	1,6184e-01	0,1265	0,179	1482,27	61,648	6,0106	70,617791	4,2059	328,344
326,000	6,5410	35,0153	27,4938	1,6313e-01	0,1265	0,179	1482,30	61,408	5,9868	70,617803	4,1892	329,355
327,000	6,5430	35,0169	27,4947	1,6284e-01	0,1265	0,180	1482,33	61,193	5,9655	70,617830	4,1743	330,366
328,000	6,5451	35,0181	27,4954	1,4887e-01	0,1266	0,181	1482,35	61,025	5,9488	70,617854	4,1627	331,377
329,000	6,5469	35,0193	27,4961	1,5346e-01	0,1265	0,181	1482,38	61,018	5,9478	70,617869	4,1619	332,388
330,000	6,5485	35,0202	27,4966	1,6387e-01	0,1265	0,182	1482,40	60,892	5,9353	70,617891	4,1532	333,399
331,000	6,5484	35,0202	27,4966	1,5952e-01	0,1266	0,182	1482,42	60,715	5,9180	70,617915	4,1411	334,410
332,000	6,5516	35,0222	27,4978	1,5597e-01	0,1266	0,183	1482,45	60,710	5,9171	70,617931	4,1404	335,421
333,000	6,5559	35,0252	27,4996	1,5056e-01	0,1265	0,183	1482,49	60,736	5,9189	70,617955	4,1417	336,432
334,000	6,5567	35,0258	27,4999	1,5305e-01	0,1264	0,183	1482,51	60,652	5,9105	70,617976	4,1358	337,444
335,000	6,5587	35,0273	27,5008	1,5184e-01	0,1268	0,183	1482,54	60,552	5,9005	70,617993	4,1288	338,455
336,000	6,5594	35,0276	27,5010	1,5753e-01	0,1266	0,183	1482,56	60,474	5,8928	70,618017	4,1234	339,466
337,000	6,5594	35,0276	27,5010	1,6369e-01	0,1265	0,183	1482,57	60,493	5,8946	70,618038	4,1247	340,477
338,000	6,5615	35,0287	27,5016	1,5761e-01	0,1265	0,183	1482,60	60,361	5,8814	70,618056	4,1155	341,488
339,000	6,5623	35,0291	27,5018	1,9190e-01	0,1266	0,183	1482,62	60,227	5,8683	70,618078	4,1063	342,499
340,000	6,5647	35,0306	27,5027	1,5110e-01	0,1266	0,184	1482,65	60,198	5,8651	70,618099	4,1040	343,510
341,000	6,5692	35,0335	27,5043	1,6168e-01	0,1266	0,184	1482,69	60,257	5,8701	70,618120	4,1075	344,522
342,000	6,5732	35,0357	27,5055	1,5230e-01	0,1265	0,185	1482,72	60,177	5,8616	70,618145	4,1016	345,533
343,000	6,5733	35,0356	27,5054	1,5051e-01	0,1264	0,185	1482,74	60,090	5,8532	70,618160	4,0957	346,544
344,000	6,5735	35,0358	27,5055	1,7111e-01	0,1265	0,186	1482,76	59,931	5,8376	70,618182	4,0848	347,555
345,000	6,5734	35,0355	27,5053	1,5163e-01	0,1265	0,186	1482,77	59,732	5,8183	70,618211	4,0713	348,566
346,000	6,5751	35,0367	27,5061	1,5046e-01	0,1267	0,187	1482,79	59,694	5,8143	70,618227	4,0685	349,578
347,000	6,5807	35,0405	27,5083	1,5076e-01	0,1266	0,187	1482,84	59,827	5,8264	70,618244	4,0770	350,589
348,000	6,5828	35,0420	27,5092	1,5145e-01	0,1267	0,187	1482,87	59,794	5,8228	70,618271	4,0745	351,600
349,000	6,5853	35,0436	27,5101	1,4957e-01	0,1266	0,187	1482,89	59,648	5,8082	70,618292	4,0642	352,611
350,000	6,5874	35,0450	27,5110	1,5551e-01	0,1265	0,187	1482,92	59,579	5,8012	70,618313	4,0593	353,622
351,000	6,5935	35,0494	27,5136	1,5265e-01	0,1266	0,187	1482,97	59,489	5,7914	70,618339	4,0525	354,633
352,000	6,5984	35,0524	27,5153	1,5437e-01	0,1267	0,187	1483,01	59,383	5,7804	70,618354	4,0448	355,645
353,000	6,5997	35,0534	27,5159	1,4964e-01	0,1267	0,188	1483,03	59,270	5,7691	70,618377	4,0369	356,656
354,000	6,6021	35,0359	27,5018	1,4886e-01	0,1264	0,188	1483,03	59,066	5,7496	70,618406	4,0232	357,667
355,000	6,6033	35,0557	27,5172	1,5015e-01	0,1265	0,188	1483,08	59,002	5,7425	70,618420	4,0182	358,678
356,000	6,6038	35,0561	27,5175	1,5326e-01	0,1265	0,189	1483,10	58,999	5,7421	70,618441	4,0180	359,690
357,000	6,6055	35,0574	27,5183	1,4642e-01	0,1264	0,190	1483,12	58,910	5,7331	70,618471	4,0117	360,701
358,000	6,6064	35,0581	27,5187	1,4876e-01	0,1267	0,190	1483,14	58,908	5,7329	70,618485	4,0115	361,712
359,000	6,6098	35,0611	27,5206	1,6038e-01	0,1265	0,190	1483,18	58,756	5,7175	70,618505	4,0008	362,723
360,000	6,6134	35,0630	27,5217	1,4746e-01	0,1265	0,190	1483,21	58,626	5,7043	70,618533	3,9915	363,735
361,000	6,6152	35,0638	27,5220	1,4763e-01	0,1265	0,190	1483,24	58,555	5,6971	70,618550	3,9865	364,746
362,000	6,6158	35,0644	27,5224	1,5215e-01	0,1265	0,190	1483,26	58,391	5,6811	70,618569	3,9753	365,757
363,000	6,6188	35,0664	27,5236	1,4835e-01	0,1266	0,190	1483,29	58,319	5,6735	70,618596	3,9700	366,768
364,000	6,6203	35,0674	27,5242	1,4930e-01	0,1266	0,191	1483,31	58,135	5,6554	70,618616	3,9573	367,780
365,000	6,6225	35,0692	27,5253	1,4692e-01	0,1267	0,191	1483,34	58,138	5,6554	70,618631	3,9573	368,791
366,000	6,6264	35,0717	27,5268	1,4906e-01	0,1266	0,191	1483,37	58,078	5,6489	70,618655	3,9528	369,802
367,000	6,6274	35,0722	27,5270	1,5190e-01	0,1265	0,193	1483,39	58,013	5,6424	70,618682	3,9482	370,814
368,000	6,6284	35,0730	27,5275	1,4861e-01	0,1265	0,193	1483,42	57,860	5,6274	70,618700	3,9377	371,825
369,000	6,6296	35,0738	27,5280	1,4817e-01	0,1264	0,193	1483,44	57,805	5,6219	70,618718	3,9339	372,836
370,000	6,6312	35,0749	27,5286	1,5270e-01	0,1266	0,194	1483,46	57,863	5,6273	70,618743	3,9377	373,847
371,000	6,6320	35,0752	27,5288	1,5010e-01	0,1267	0,194	1483,48	57,731	5,6143	70,618766	3,9286	374,859
372,000	6,6325	35,0755	27,5289	1,4880e-01	0,1265	0,194	1483,50	57,688	5,6101	70,618784	3,9256	375,870
373,000	6,6331	35,0760	27,5292	1,6233e-01	0,1266	0,194	1483,52	57,613	5,6027	70,618805	3,9205	376,881
374,000	6,6346	35,0769	27,5297	1,5081e-01	0,1267	0,194	1483,54	57,615	5,6026	70,618829	3,9204	377,893
375,000	6,6367	35,0780	27,5303	1,4797e-01	0,1266	0,195	1483,57	57,646	5,6053	70,618850	3,9223	378,904
376,000	6,6384	35,0794	27,5312	1,5448e-01	0,1265	0,195	1483,60	57,554	5,5962	70,618871	3,9159	379,915
377,000	6,6429	35,0822	27,5328	1,4795e-01	0,1265	0,196	1483,63	57,509	5,5910	70,618894	3,9123	380,927
378,000	6,6459	35,0839	27,5337	1,4650e-01	0,1266	0,197	1483,66	57,357	5,5758	70,618914	3,9016	381,938
379,000	6,6471	35,0848	27,5343	1,5437e-01	0,1265	0,198	1483,69	57,300	5,5701	70,618937	3,8976	382,949
380,000	6,6483	35,0856	27,5347	1,4515e-01	0,1266	0,198	1483,71	57,140	5,5544	70,618964	3,8866	383,961
381,000	6,6504	35,0866	27,5353	1,4652e-01	0,1265	0,198	1483,74	57,045	5,5449	70,618977	3,8800	384,972
382,000	6,6500	35,0866	27,5353	1,4923e-01	0,1266	0,198	1483,75	57,023	5,5428	70,619000	3,8785	385,984
383,000	6,6508	35,0870	27,5355	1,4636e-01	0,1264	0,198	1483,77	56,876	5,5283	70,619031	3,8684	386,995
384,000	6,6511	35,0870	27,5355	1,4697e-01	0,1266	0,198	1483,79	56,857	5,5265	70,619045	3,8671	388,006
385,000	6,6507	35,0869	27,5354	1,5056e-01	0,1265	0,198	1483,80	56,895	5,5302	70,619066	3,8697	389,018
386,000	6,6512	35,0871	27,5356	1,4829e-01	0,1267	0,199	1483,82	56,757	5,5167	70,619096	3,8603	390,029
387,000	6,6522	35,0878	27,5359	1,4797e-01	0,1265	0,199	1483,84	56,854	5,5260	70,619111	3,8668	391,041
388,000	6,6532	35,0885	27,5363	1,4796e-01	0,1265	0,200	1483,86	56,855	5,5260	70,619136	3,8667	392,052
389,000	6,6538	35,0886	27,5363	1,4647e-01	0,1265	0,200	1483,88	56,807	5,5212	70,619162	3,8634	393,063
390,000	6,6542	35,0890	27,5367	1,4743e-01	0,1265	0,201	1483,90	56,760	5,5165	70,619177	3,8602	394,075
391,000	6,6544	35,0891	27,5367	1,5146e-01	0,1265	0,201	1483,92	56,736	5,5142	70,619205	3,8585	395,086
392,000	6,6551	35,0895	27,5369	1,5140e-01	0,1266	0,201	1483,94	56,761	5,5165	70,619226	3,8602	396,097
393,000	6,6571	35,0908	27,5377	1,6688e-01	0,1265	0,201	1483,97	56,735	5,5137	70,619246	3,8582	397,109
394,000	6,6594	35,0925	27,5387	1,4535e-01	0,1267	0,201	1483,99	56,643	5,5044	70,619274	3,8517	398,120
395,000	6,6610	35,0932	27,5390	1,4840e-01	0,1265	0,202	1484,02	56,686	5,5084	70,619292	3,8544	399,132
396,000	6,6611	35,0935	27,5392	1,4921e-01	0,1266	0,202	1484,04	56,582	5,4982	70,619315	3,8473	400,143
397,000	6,6614	35,0935	27,5392	1,4514e-01	0,1265	0,203	1484,05	56,371	5,4777	70,619343	3,8330	401,155
398,000	6,6617	35,0936	27,5392	1,4651e-01	0,1266	0,204	1484,07	56,283	5,4691	70,619355	3,8270	402,166
399,000	6,6618	35,0936	27,5392	1,4774e-01	0,1266	0,205	1484,09	56,366	5,4772	70,619383	3,8326	403,178
400,000	6,6625	35,0938	27,5393	1,4850e-01	0,1265	0,205	1484,11	56,327	5,4733	70,619412	3,8299	404,189
401,000	6,6632	35,0944	27,5396	1,4546e-01	0,1265	0,205	1484,13	56,373	5,4777	70,619422	3,8329	405,200
402,000	6,6633	35,0945	27,5397	1,4753e-01	0,1265	0,206	1484,15	56,374	5,4777	70,619447	3,8330	406,212
403,000	6,6655	35,0957	27,5403	1,4596e-01	0,1267	0,208	1484,17	56,331	5,4732	70,619480	3,8298	407,223
404,000	6,6663	35,0963	27,5407	1,4701e-01	0,1266	0,209	1484,19	56,254	5,4656	70,619490	3,8245	408,235
405,000	6,6667	35,0965	27,5408	1,4873e-01	0,1266	0,209	1484,21	56,250	5,4652	70,619513	3,8242	409,246
406,000	6,6668	35,0966	27,5409	1,4614e-01	0,1265	0,209	1484,23	56,168	5,4572	70,619542	3,8186	410,258
407,000	6,6671	35,0968	27,5410	1,4903e-01	0,1268	0,209	1484,25	56,213	5,4615	70,619560	3,8216	411,269
408,000	6,6673	35,0969	27,5410	1,4845e-01	0,1265	0,209	1484,26	56,206	5,4608	70,619583	3,8211	412,281
409,000	6,6679	35,0970	27,5411	1,4481e-01	0,1268	0,209	1484,28	56,178	5,4580	70,619607	3,8192	413,292
410,000	6,6681	35,0973	27,5413	1,5226e-01	0,1265	0,209	1484,30	56,213	5,4614	70,619627	3,8215	414,304
411,000	6,6683	35,0973	27,5413	1,4691e-01	0,1264	0,209	1484,32	56,152	5,4554	70,619656	3,8174	415,315
412,000	6,6685	35,0973	27,5412	1,4694e-01	0,1266	0,210	1484,34	56,089	5,4493	70,619672	3,8131	416,327
413,000	6,6685	35,0973	27,5413	1,4972e-01	0,1266	0,211	1484,35	56,085	5,4488	70,619694	3,8128	417,338
414,000	6,6688	35,0974	27,5413	1,4667e-01	0,1266	0,212	1484,37	56,066	5,4470	70,619722	3,8115	418,350
415,000	6,6688	35,0974	27,5413	1,5202e-01	0,1266	0,212	1484,39	56,033	5,4438	70,619738	3,8092	419,361
416,000	6,6689	35,0975	27,5413	1,4917e-01	0,1266	0,212	1484,40	56,099	5,4502	70,619766	3,8137	420,373
417,000	6,6693	35,0975	27,5413	1,4730e-01	0,1265	0,212	1484,42	56,077	5,4480	70,619787	3,8122	421,384
418,000	6,6692	35,0975	27,5413	1,4768e-01	0,1266	0,212	1484,44	56,071	5,4474	70,619804	3,8118	422,396
419,000	6,6698	35,0978	27,5415	1,5028e-01	0,1265	0,212	1484,46	56,044	5,4447	70,619834	3,8099	423,408
420,000	6,6703	35,0980	27,5415	1,4647e-01	0,1264	0,213	1484,48	56,037	5,4439	70,619851	3,8093	424,419
421,000	6,6720	35,0989	27,5420	1,4666e-01	0,1264	0,215	1484,50	56,077	5,4476	70,619871	3,8119	425,431
422,000	6,6731	35,0994	27,5423	1,4366e-01	0,1265	0,215	1484,52	56,234	5,4627	70,619905	3,8225	426,442
423,000	6,6733	35,0994	27,5423	1,4703e-01	0,1267	0,216	1484,54	56,149	5,4544	70,619917	3,8167	427,454
424,000	6,6733	35,0995	27,5423	1,4451e-01	0,1267	0,216	1484,56	56,154	5,4549	70,619931	3,8170	428,465
425,000	6,6734	35,0994	27,5422	1,5547e-01	0,1266	0,216	1484,57	56,134	5,4530	70,619972	3,8157	429,477
426,000	6,6737	35,0995	27,5422	1,5487e-01	0,1265	0,216	1484,59	56,032	5,4430	70,619982	3,8087	430,488
427,000	6,6741	35,0999	27,5425	1,4813e-01	0,1266	0,218	1484,61	56,087	5,4483	70,619995	3,8124	431,500
428,000	6,6745	35,1002	27,5427	1,4471e-01	0,1266	0,219	1484,63	56,179	5,4572	70,620033	3,8186	432,512
429,000	6,6759	35,1009	27,5430	1,4561e-01	0,1267	0,219	1484,65	56,114	5,4507	70,620047	3,8141	433,523
430,000	6,6760	35,1010	27,5431	1,4792e-01	0,1266	0,219	1484,67	56,133	5,4525	70,620064	3,8153	434,535
431,000	6,6765	35,1012	27,5432	1,4452e-01	0,1265	0,220	1484,69	56,072	5,4465	70,620093	3,8111	435,547
432,000	6,6767	35,1013	27,5432	1,4577e-01	0,1265	0,220	1484,71	56,026	5,4420	70,620109	3,8080	436,558
433,000	6,6769	35,1015	27,5434	1,4906e-01	0,1265	0,220	1484,72	56,011	5,4405	70,620133	3,8069	437,570
434,000	6,6777	35,1019	27,5436	1,4562e-01	0,1266	0,220	1484,74	56,046	5,4437	70,620158	3,8092	438,581
435,000	6,6782	35,1021	27,5437	1,4279e-01	0,1264	0,220	1484,76	55,977	5,4370	70,620172	3,8045	439,593
436,000	6,6785	35,1024	27,5439	1,5267e-01	0,1265	0,220	1484,78	55,925	5,4320	70,620198	3,8010	440,605
437,000	6,6789	35,1025	27,5439	1,4648e-01	0,1266	0,220	1484,80	55,994	5,4386	70,620225	3,8056	441,616
438,000	6,6791	35,1026	27,5440	1,4476e-01	0,1267	0,220	1484,82	55,973	5,4365	70,620237	3,8041	442,628
439,000	6,6790	35,1026	27,5440	1,4490e-01	0,1266	0,220	1484,83	55,970	5,4362	70,620261	3,8039	443,640
440,000	6,6794	35,1028	27,5441	1,4289e-01	0,1264	0,221	1484,85	55,899	5,4292	70,620290	3,7990	444,651
441,000	6,6799	35,1031	27,5442	1,4639e-01	0,1266	0,221	1484,87	55,849	5,4244	70,620302	3,7957	445,663
442,000	6,6800	35,1032	27,5443	1,4737e-01	0,1265	0,222	1484,89	55,815	5,4210	70,620337	3,7933	446,675
443,000	6,6800	35,1033	27,5444	1,4198e-01	0,1268	0,224	1484,91	55,762	5,4159	70,620467	3,7897	447,686
